1 2 24 29.87 13.91 5.6
2 2 31.8 26.4 15.86 6.7
3 2 26.1 21.84 16.21 5.9
4 3 49.8 13.17 20.48 9.7
5 1 15.9 12.82 21.35 7
6 3 32.1 6.46 23.11 7.3
7 3 32.3 6.04 27.55 7.4
8 3 35.4 -2.13 25.51 7.8
9 3 43.6 -5.53 28.01 8.9
10 3 34.7 -13.07 25.55 7.7
11 3 26.6 -11.18 23.09 6.5
12 1 10.9 -9.2 20.97 5.6
13 1 20.3 -7.75 19.73 8.1
14 1 32.5 -6.6 19.04 10.8
15 1 17.2 -6.3 18.3 7.3
16 1 17.2 -4.1 15.67 7.3
17 3 39.8 1.64 19.78 8.4
18 1 26.7 5.63 15.88 9.6
19 1 38 12.2 16.04 11.9
20 2 41.3 16.7 14.63 8
21 2 27.2 19.8 13.03 6.1
22 2 39.6 23.9 11.33 7.7
23 2 35.3 29.39 12.27 7.2
24 1 31.5 29.58 7.23 10.6
25 2 33.6 25.65 6.05 7
26 2 30.2 23.08 8.38 6.5
27 2 31.5 18.77 6.45 6.7
28 2 27.9 15.97 9.34 6.2
29 1 27.7 14.18 10.68 9.8
30 1 14.3 8.93 13.4 6.6
31 1 18.7 6.66 12.48 7.7
32 1 23.3 -7.15 15.53 8.8
33 1 27.1 -9.31 16.85 9.7
34 1 13.5 -15.9 22.93 6.3
35 3 31.4 -16.86 22.54 7.2
36 1 37.4 -16.89 18.37 11.8
37 1 21.5 -15.53 16.9 8.4
38 1 10.6 -13.94 17.92 5.5
39 1 11.4 -11.66 15.94 5.7
40 1 12.8 -12.16 15.31 6.1
41 1 18.8 -24.8 28.79 7.7
42 1 15.3 -10.32 15.05 6.8
43 1 25 -7.54 12.33 9.2
44 1 12.6 -5 13.82 6.1
45 1 24.2 -5.1 12.18 9
46 2 29.9 -0.72 12.18 6.5
47 3 33.4 2.29 8.7 7.5
48 1 18.3 2.79 10.48 7.6
49 1 28.4 7.07 7.83 10
50 2 28.8 10.15 9.42 6.3
51 2 19.9 12.17 8.24 5
52 2 20.4 13.16 6.77 5
53 1 15 15.39 7.69 6.8
54 2 16.4 16.76 5.68 4.4
55 1 11.5 16.46 3.83 5.7
56 1 35.8 17.02 3.11 11.5
57 1 27.7 27.49 2.48 9.8
58 2 24.5 25.72 1.97 5.7
59 1 10.5 23.57 1.24 5.4
60 2 29.2 22.52 1.16 6.4
61 1 13.4 23.68 -0.96 6.3
62 1 36.5 25.14 -3.25 11.6
63 1 26.6 21.31 -4.08 9.6
64 1 23 20.27 -1.05 8.8
65 1 20.1 15.62 -1.01 8.1
66 1 13.5 12.64 -0.39 6.3
67 1 23.5 10.77 1.71 8.9
68 1 13.6 11.28 4.79 6.4
69 1 16.1 10.87 6.28 7.1
70 1 20.9 8.21 5.62 8.3
71 1 17.7 1.2 7 7.5
72 1 26.1 5.53 5.22 9.5
73 2 23.6 2.42 2.99 5.5
74 1 26.1 0.04 3.85 9.5
75 1 33.2 -2.47 7.87 10.9
76 1 16.2 -5.79 10.63 7.1
77 2 22 -13.06 10.89 5.3
78 1 32 -24.51 13.53 10.7
79 1 14.4 -24.43 14.29 6.6
80 1 16 -25.89 17.23 7
81 1 25.8 -20.9 17.64 9.4
82 1 14 -19.85 16.08 6.5
83 1 26.1 -3.96 3.89 9.5
84 1 22.3 5 0.7 8.6
85 1 23.7 10.56 -2.51 8.9
86 2 27.8 14.35 -4.35 6.2
87 1 32.5 4.93 -2.09 10.8
88 2 19.7 8.5 -5.55 4.9
89 1 25.1 11.64 -6.84 9.2
90 2 24 19.8 -12.09 5.6
91 1 12 22.43 -12.13 5.9
92 1 30.9 20.25 -16.31 10.5
93 2 36.9 17.62 -16.29 7.4
94 1 35.8 17.61 -18.65 11.5
95 1 22.8 18.92 -21.91 8.7
96 2 23.6 18.1 -22.66 5.5
97 1 23.7 13.45 -18.78 8.9
98 1 23.3 17 -29.56 8.8
99 1 33.4 13.54 -24.11 11
100 1 11.7 14.3 -24.71 5.8
101 1 33.4 8.71 -27.14 11
102 1 32 9.32 -22.98 10.7
103 3 31.8 11.96 -18.94 7.3
104 1 17.5 14.17 -19.74 7.4
105 1 12.6 14.58 -16.54 6.1
106 1 24.9 14.67 -13.67 9.2
107 1 19.8 11.39 -12.49 8
108 1 18.2 9.81 -10.06 7.6
109 1 27.4 4.09 -4.92 9.7
110 1 34.7 2.69 -9.06 11.2
111 1 23.6 4.77 -10.57 8.9
112 1 10.6 5.53 -11.38 5.5
113 1 10.2 6.36 -15.87 5.3
114 2 27.6 1.68 -23.99 6.1
115 1 18.9 -2.75 -23.74 7.8
116 1 27.8 -1.38 -19.7 9.8
117 1 30.2 0.22 -13.5 10.3
118 1 10.8 -0.41 -10.49 5.5
119 1 19.1 -2.23 -12.1 7.8
120 1 32.5 -5.51 -17.19 10.8
121 1 26.2 -5.2 -23.38 9.5
122 1 23.3 -3.68 -24.17 8.8
123 1 14.2 -6.54 -25.16 6.5
124 1 25.8 -9.97 -23.96 9.4
125 2 34.6 -8.21 -19.87 7.1
126 1 24.9 -12.63 -25.66 9.2
127 1 34.3 -16.3 -22.21 11.2
128 1 37.2 -18.65 -15.58 11.7
129 1 20.6 -13.84 -17.68 8.2
130 1 11 -10.44 -17.47 5.6
131 1 22.3 -6.88 -12.13 8.6
132 1 18.9 -6.22 -10.03 7.8
133 1 31.4 -4.35 -8.28 10.6
134 1 20.1 0.49 -5.48 8.1
135 1 38 0.73 -3.53 11.9
136 1 23.5 -3.01 -3.07 8.9
137 1 13.2 -8.79 -8.32 6.3
138 1 26.7 -16.02 -13.19 9.6
139 1 25.5 -21.53 -9.41 9.3
140 3 33.4 -25.8 -5.59 7.5
141 1 17.2 -21.75 -4.92 7.3
142 1 16.3 -17.99 -5.28 7.1
143 1 27.6 -14.5 -7.11 9.8
144 1 16 -14.45 -5.88 7
145 1 14.1 -11.71 -7.21 6.5
146 1 12.9 -11.81 -6.23 6.2
147 1 32.6 -8.72 -4.99 10.8
148 1 10.2 -3.95 -2.55 5.3
149 1 25.9 -4.78 -0.38 9.4
150 1 30.4 -15.1 -2.78 10.4
151 1 33 -17.15 -0.1 10.9
152 1 20.6 -26.16 1.44 8.2
153 1 26.1 -22.6 9.45 9.5
154 1 22.9 -19.6 8.71 8.7
155 1 13.1 -18.61 7.06 6.2
156 1 12.2 -18.09 6.29 6
157 1 28.2 -15.07 9.75 9.9
158 1 26.4 -11.78 8.37 9.5
159 3 31 -8.91 6.71 7.2
160 1 26.9 -9.41 3.82 9.6
161 1 19.5 -12.35 0.32 7.9
162 2 14.1 -8.55 0.13 4
163 1 29.2 -11.48 -13.47 10.1
164 2 40.5 5.35 -19.6 7.9
165 3 26.2 5.25 -23.7 6.5
166 1 25.4 12.39 -30.12 9.3
167 1 11.7 14.12 -33.49 5.8
168 1 33.6 13.14 -34.68 11
169 1 32.2 16.62 -37.07 10.7
170 1 22.5 15.43 -42.74 8.6
171 1 17.4 13.87 -46.56 7.4
172 1 33.1 11.05 -50.31 10.9
173 1 34.9 10.46 -53.21 11.3
174 2 10.6 10.39 -55.86 3.3
175 2 10.2 9.72 -57.4 3.2
176 2 23.8 5.53 -61.14 5.6
177 2 23 3.91 -63.39 5.5
178 2 25.2 1.12 -65.52 5.8
179 2 17.6 -2.07 -62.44 4.6
180 1 20.3 20.78 -32.95 8.1
181 1 25.9 -3.01 -58.78 9.4
182 1 12.4 -2.96 -58.92 6
183 2 17.5 0.59 -58.05 4.6
184 1 27.3 2.81 -55.42 9.7
185 1 28.1 6.5 -55.38 9.9
186 1 28.7 4.85 -50.83 10
187 1 19.2 5.56 -48.61 7.8
188 2 18.8 8.31 -46.54 4.8
189 1 34.6 12.4 -45.2 11.2
190 1 31.6 9.15 -42.65 10.6
191 1 29.7 8.96 -41.13 10.2
192 1 24.8 9.64 -33.75 9.2
193 1 20.6 8.7 -30.58 8.2
194 1 11.9 5.85 -34.47 5.9
195 1 25.5 3.49 -31.63 9.3
196 1 11.4 2.96 -26.75 5.7
197 1 19.3 0.52 -25.72 7.9
198 2 38.5 -2.3 -32.79 7.6
199 1 11.2 2.22 -32.35 5.7
200 1 37.4 0.85 -36.37 11.8
201 1 23.5 5.28 -37.58 8.9
202 1 13.4 9.82 -35.12 6.3
203 1 10.8 12.2 -37.56 5.5
204 1 24.6 4.97 -39.19 9.1
205 1 18.3 2.65 -40.68 7.6
206 1 27.1 4.83 -45.43 9.7
207 1 33.8 2.28 -45.12 11.1
208 1 10.8 2.61 -47.67 5.5
209 1 20.9 2.67 -48.49 8.3
210 1 13.6 0.86 -49.85 6.4
211 1 11.4 3.62 -53.02 5.7
212 1 35 -1.4 -51.49 11.3
213 1 16.1 -2.33 -52.59 7.1
214 2 29.9 -4.33 -56.51 6.5
215 2 31.9 -7.91 -57.09 6.7
216 1 13.4 -6.63 -54.65 6.3
217 2 39.2 -3.42 -49.38 7.7
218 1 14.9 -1.33 -48.34 6.7
219 1 12.2 -0.17 -44.69 6
220 2 25.8 -2.63 -43.78 5.9
221 1 11.5 -2.21 -42.09 5.7
222 1 10 -2.09 -39.41 5.3
223 2 34.6 -6.13 -42.92 7.1
224 2 33.9 -5.83 -45.46 7
225 1 23.6 -7.61 -46.69 8.9
226 1 20.2 -8.47 -52.97 8.1
227 2 37.6 -14.22 -53.03 7.5
228 2 28.5 -13.73 -55.55 6.3
229 2 31.2 -13.43 -57.5 6.6
230 1 10.5 -9.88 -55.77 5.4
231 1 25.9 -12.74 -49.56 9.4
232 1 12.4 -13.65 -49.17 6
233 1 11.7 -13.05 -46.42 5.8
234 1 13.8 -13.64 -46.01 6.4
235 1 28.2 -17.67 -48.93 9.9
236 1 11 -16.6 -48.1 5.6
237 1 36.3 -19.41 -49.49 11.6
238 1 19.1 -10.23 -38.4 7.8
239 1 11.4 -5.65 -38.44 5.7
240 1 24 -4.92 -36.9 9
241 1 12.6 -5.75 -36.33 6.1
242 1 21.7 -4.4 -33 8.5
243 2 38.3 -6.51 -31.41 7.6
244 2 37.1 -8.78 -35.97 7.4
246 1 37.7 -14.46 -39.6 11.8
247 1 32.3 -15.66 -42.9 10.8
248 2 42.9 -24.93 -45.58 8.1
249 1 16.3 -20.53 -43.24 7.1
250 2 35 -19.7 -41.67 7.1
251 2 12.9 -24.4 -43.39 3.8
252 1 21.8 -11.33 -36.99 8.5
253 1 11.6 -8.17 -30.47 5.8
254 1 35.4 -8.88 -28.76 11.4
255 1 14.7 -12.1 -28.22 6.7
256 1 17.1 -13.41 -23.4 7.3
257 1 25.8 -15.18 -25.08 9.4
258 1 25.4 -18.71 -19.94 9.3
259 1 36.6 -22.18 -15.87 11.6
260 2 34.9 -25.85 -10.38 7.1
261 1 16 -29.2 -10.04 7
262 1 29.1 -28.5 -14.36 10.1
263 1 29.8 -29.72 -16.3 10.3
264 1 14.2 -29.92 -19.5 6.5
265 1 24.4 -32.6 -24.97 9.1
266 1 25.5 -34.27 -26.46 9.3
267 1 12.7 -33.62 -35.79 6.1
268 1 14.4 -27.08 -36.66 6.6
269 1 16.1 -25.8 -35.5 7.1
270 3 47.6 -26.73 -34.6 9.4
271 1 14.2 -24.43 -34.7 6.5
272 1 33.9 -33.13 -28.76 11.1
273 1 18.3 -29.89 -24.73 7.6
274 1 10.5 -28.01 -23.43 5.4
275 1 23.6 -26.78 -19.79 8.9
276 2 13.2 -21.77 -16.78 3.8
277 1 10.9 -22.35 -20.39 5.6
278 1 11.3 -25.84 -21.84 5.7
279 1 27.9 -22.92 -22.81 9.8
280 1 22.7 -19.17 -26.54 8.7
281 1 24.2 -23.89 -29.21 9
282 1 14.3 -20.85 -30.96 6.6
283 1 30.4 -19.23 -33.15 10.4
284 1 12.1 -16.05 -32.08 5.9
285 1 33.2 -17.51 -29.56 10.9
286 1 10.5 -20.37 -28.34 5.4
287 1 29.8 -27.67 -29.49 10.3
288 1 22.6 -18 4.2 8.7
289 1 13.7 -15.61 4.1 6.4
290 1 12.8 -13.6 4.62 6.1
291 1 10.5 -14.98 8.08 5.4
292 1 10.7 -16.32 9.54 5.5
293 1 23.9 -17.82 12.77 9
294 1 22 -21.3 4.89 8.5
295 1 17.5 -25.34 6.88 7.4
296 3 37.4 -33.6 14.77 8.1
297 3 37.6 -35.52 12.56 8.1
298 1 31.8 -32.6 8.76 10.7
299 1 25.5 -28.57 5.16 9.3
300 3 36.9 -32.93 5.85 8
301 3 33.6 -25.05 -1.41 7.6
302 1 23.7 -24.31 1.22 8.9
303 1 20.7 -18.98 -1.33 8.2
304 1 31.5 -39.86 11.38 10.6
305 3 39.4 -40.41 19.17 8.4
306 1 22.2 -42.95 16.3 8.6
307 1 26.5 -47.72 18.78 9.5
308 1 35.7 -48.33 15.72 11.4
309 3 33.9 -52.37 12.97 7.6
310 2 28.2 -56.03 5.07 6.2
311 2 23.8 -55.23 2.57 5.6
312 3 33.2 -56.46 -10.69 7.5
313 1 29 -57.01 -13.25 10.1
314 3 36.8 -62.66 -9.64 8
315 1 17 -51.41 -12.89 7.3
316 1 15.6 -49 -12.78 6.9
317 1 20.7 -50.63 -11.55 8.2
318 3 33.5 -52.88 -10.69 7.5
319 3 35.2 -52.63 -4.94 7.8
320 1 10.6 -51.42 -3.05 5.5
321 3 28.7 -52.12 -1.14 6.8
322 1 23.8 -49.15 -1.15 8.9
323 1 14.8 -49.86 3.64 6.7
324 1 27 -48.64 4.94 9.7
325 1 41 -47.03 2.75 12.4
326 3 33.8 -48.75 8.95 7.6
327 1 27.4 -45.44 10.12 9.7
328 1 23.5 -44.96 13.5 8.9
329 1 10.4 -43.43 14.47 5.4
330 1 30.2 -42.18 12.82 10.3
331 3 34.3 -39.34 4.14 7.7
332 3 33.7 -37.55 5.01 7.6
333 1 29.9 -33.31 1.29 10.3
334 1 27 -28.18 -1.22 9.7
335 1 16.1 -29.97 -0.79 7.1
336 1 24.6 -32.29 -6.85 9.1
337 2 31.2 -36.54 -5.32 6.6
338 1 30.8 -39.06 -1.9 10.5
339 3 35.7 -40.04 1.41 7.9
340 1 15.4 -43.1 1.58 6.9
341 1 23.6 -41.42 -1.61 8.9
342 3 40.5 -46.78 -6.12 8.5
343 1 17.6 -49.2 -5.89 7.4
344 3 28.9 -44.1 -8.32 6.9
345 2 10.5 -44.58 -9.78 3.3
346 1 29.3 -45.83 -10.34 10.1
347 1 12.3 -43.77 -12.45 6
348 1 25.2 -41.35 -12.34 9.3
349 2 19.5 -40.58 -8.16 4.9
350 1 22.7 -39.36 -9.47 8.7
351 1 11.5 -36.59 -8.28 5.7
352 1 20.4 -33.93 -8.77 8.1
353 1 30 -36.11 -11.74 10.3
354 1 18.7 -37.3 -13.13 7.7
355 1 18.8 -31.77 -15.19 7.7
356 1 12.9 -32.68 -17.81 6.2
357 1 29.3 -36.11 -17.83 10.1
358 1 16.3 -40.21 -16.36 7.1
359 1 25.3 -27.04 -27.4 9.3
360 1 30.5 -25.28 -31.71 10.4
361 2 39.8 -16.38 -36.79 7.8
362 1 23.5 -21.89 -38.3 8.9
363 2 35.6 -28.8 -39.42 7.2
364 1 24.6 -30.46 -40.58 9.1
365 2 32.4 -30.88 -44.66 6.8
366 1 22 -33.16 -43.9 8.5
367 3 47.7 -32.39 -37.91 9.4
368 1 25.4 -34.63 -40.47 9.3
369 1 24.4 -36.09 -43.05 9.1
370 1 10.6 -36.05 -41.54 5.5
371 1 31.2 -38.2 -41.19 10.5
372 1 33.5 -42 -41.3 11
373 1 29.4 -45.03 -43.89 10.2
374 1 14.6 -48.58 -46.42 6.6
375 1 20.1 -54.14 -43.93 8.1
376 1 11.7 -53.89 -42.68 5.8
377 1 16.6 -60.01 -47.17 7.2
378 1 12.8 -61.23 -46.52 6.1
379 1 32.2 -64.08 -46.39 10.7
380 1 32.5 -65.62 -42.85 10.8
381 1 27.5 -64.96 -37.98 9.8
382 1 13.4 -63.32 -39 6.3
383 2 26.6 -61.18 -29.73 6
384 2 22.4 -58.52 -23.11 5.4
385 1 24.8 -56.02 -18.46 9.2
386 1 25.2 -55.34 -15.78 9.3
387 1 19.7 -49.86 -15.17 8
388 1 12.9 -48.46 -15.32 6.2
389 2 10 -47.26 -16.35 3.2
390 1 22.2 -43.61 -17.11 8.6
391 1 15.8 -41.98 -18.53 7
392 1 24.7 -48.84 -17.95 9.1
393 2 37.3 -53.09 -21.35 7.4
394 1 24.2 -52.55 -23.06 9
395 1 13.1 -54.41 -24.3 6.2
396 1 27.7 -53.86 -24.97 9.8
397 2 23.8 -56.34 -27.81 5.6
398 2 27.4 -59.78 -30.24 6.1
399 2 37.8 -56.36 -34.31 7.5
400 1 11.4 -52.5 -33.79 5.7
401 2 25.1 -48.85 -28.49 5.8
402 2 22.2 -51.35 -26.65 5.3
403 2 37.1 -53.83 -29.79 7.4
404 2 27.3 -48.1 -24.96 6.1
405 3 52.2 -44.65 -21.23 10
406 1 15 -38.69 -19.94 6.8
407 2 29 -39.66 -24.76 6.3
408 1 21.1 -38.48 -27.29 8.3
409 1 33.4 -38.81 -31.2 11
410 1 27.5 -43.8 -29.43 9.8
415 1 26.1 -44.64 -31.41 9.5
416 1 32.6 -50.24 -33.86 10.8
417 1 40.2 -53.08 -37.92 12.3
418 1 10 -52.35 -37.75 5.3
419 1 27.4 -58.64 -38.17 9.7
420 1 13.3 -60.12 -40 6.3
421 1 20.7 -59.15 -40.54 8.2
422 1 20.4 -58.77 -43.12 8.1
423 1 10.2 -58.58 -44.57 5.3
424 1 20.9 -51.96 -40.8 8.3
425 1 12.6 -45.21 -36.9 6.1
426 1 15.7 -43.7 -36.91 6.9
427 1 14.9 -35.93 -37.24 6.7
428 1 19.3 -34.84 -32.48 7.9
429 1 20.2 -35.99 -30.85 8.1
430 1 16.3 -39.3 -32.34 7.1
431 1 24.4 -31.64 -31.13 9.1
432 1 10.9 -35.23 -23.86 5.6
433 3 34 -59.52 -19.71 7.6
434 3 38.8 -66.36 -9.35 8.3
435 3 27.9 -65.12 -13.63 6.7
436 1 24.9 -61.73 -18.39 9.2
437 1 28.9 -60.42 -35.99 10.1
438 1 16 -65.41 -34.53 7
439 1 15.1 -68.88 -37.26 6.8
440 1 19.5 -70.38 -34.82 7.9
441 1 13.2 -70.86 -35.47 6.3
442 1 26.1 -70.85 -34.07 9.5
443 1 27.7 -77.22 -39.85 9.8
444 2 22.6 -79.07 -26.74 5.4
445 1 25.7 -85.66 -36.51 9.4
446 1 18.8 -89.22 -34.07 7.7
447 2 15.9 -90.7 -35.14 4.3
448 2 16.8 -92.03 -30.88 4.5
449 1 30.9 -97.97 -29.67 10.5
450 2 31 -98.82 -27.7 6.6
451 1 26.1 -100.57 -25.27 9.5
452 1 25.7 -103.44 -24.11 9.4
453 1 37.4 -102.93 -19.22 11.8
454 1 25.8 -104.39 -11.67 9.4
455 1 18.3 -104.32 -2.71 7.6
456 1 29.5 -102.29 -5.07 10.2
457 1 27.5 -100.77 -10.16 9.8
458 1 20.8 -99.43 -13.52 8.2
459 2 27 -100.26 -17.36 6
460 1 14.8 -97.85 -21.64 6.7
461 1 17.9 -97.18 -24.2 7.5
462 1 26.7 -88.44 -29.95 9.6
463 1 25.8 -84.24 -29.17 9.4
464 1 34.1 -72.16 -30.75 11.1
465 1 10.4 -68.47 -33.77 5.4
466 1 22.5 -66.75 -33.66 8.6
467 1 23.8 -64 -28.92 8.9
468 1 14.3 -64.96 -29.26 6.6
469 1 19 -66.29 -30.98 7.8
470 1 13.2 -67.22 -30.87 6.3
471 1 26.9 -68.09 -26.88 9.6
472 1 18.8 -69 -24.94 7.7
473 2 30.5 -74.91 -30.42 6.5
474 2 14.4 -73.66 -29.41 4
475 2 26.5 -73.24 -27.66 6
476 1 33.6 -79.76 -27.73 11
477 1 17.5 -84.92 -26.38 7.4
478 1 23.5 -90.41 -26.01 8.9
479 2 27.7 -91.66 -23.68 6.1
480 1 21.3 -95 -19.18 8.4
481 1 13.8 -96.5 -19.64 6.4
482 1 15.9 -96.58 -14.12 7
483 1 24.2 -95.68 -13.99 9
484 1 16.9 -97.92 -9.6 7.3
485 1 38.3 -89.94 -10.85 11.9
486 1 33.3 -92.74 -12.23 11
487 1 18.4 -92.01 -15.18 7.6
488 1 24.6 -89.35 -18.1 9.1
489 1 23.8 -89.42 -21.16 8.9
490 1 30.1 -86.15 -19.95 10.3
491 1 28.2 -84.03 -24.32 9.9
492 1 20.3 -81.3 -21.59 8.1
493 1 28.2 -78.37 -22.63 9.9
494 1 33.3 -76.11 -19.97 11
495 1 19.8 -68.65 -22.71 8
496 1 17.7 -67.01 -23.96 7.5
497 1 17.4 -64.46 -26.97 7.4
498 1 28.5 -63.31 -24.96 10
499 1 20.7 -64.72 -16.91 8.2
500 1 20.3 -64.82 -22.67 8.1
501 1 20 -65.66 -24.51 8
502 1 10.9 -66.12 -20.08 5.6
503 1 19.1 -67.05 -18.66 7.8
504 1 18.2 -65.74 -14.9 7.6
505 1 11.6 -68.31 -17.02 5.8
506 1 27.2 -69.66 -18.29 9.7
507 1 29.9 -71.44 -15.41 10.3
508 1 24.9 -76.54 -16.63 9.2
509 1 15.2 -80.22 -16.69 6.8
510 1 26.3 -83.93 -17.48 9.5
511 1 11 -83.94 -14.24 5.6
512 1 10.3 -81.5 -14.66 5.4
513 1 24.7 -79.44 -12.16 9.1
514 2 25.6 -84.45 -9.01 5.8
515 2 21.6 -91.53 -3.48 5.2
516 1 30.9 -94.42 -1.93 10.5
517 2 21.3 -98.93 -1.7 5.2
518 2 32.2 -86.36 -4.63 6.8
519 2 23.7 -83.68 -5.06 5.6
520 1 14.3 -78.09 -14.73 6.6
521 1 22.5 -75.29 -12.98 8.6
522 1 19.3 -70.18 -13.73 7.9
523 2 24.9 -72.48 -9.74 5.7
524 3 15.3 -64.1 -7.07 4.6
525 1 24.3 -58.41 -13.86 9.1
526 1 13.3 -57.45 -16.34 6.3
527 1 16.8 -68.94 -11.77 7.2
528 1 19.8 -69.51 -10.1 8
529 2 26.9 -73.8 -8.59 6
530 2 28.4 -69.95 -5.91 6.2
531 2 26.6 -76.03 -3.9 6
532 2 23.5 -83.18 -2.02 5.5
533 2 27.6 -87.47 -1.01 6.1
534 1 26.9 -71.49 -1.75 9.6
535 2 25.6 -76.98 0.76 5.8
536 1 40 -79.14 0.83 12.3
537 2 33.3 -79.69 4.11 6.9
538 2 19.8 -75.28 2.71 5
539 3 35.8 -74.27 6.14 7.9
540 2 32.7 -76.11 7.37 6.8
541 2 21.7 -79.97 10.41 5.3
542 2 31 -82.77 7.88 6.6
543 1 18.8 -82.34 3.36 7.7
544 2 30.9 -85.46 8.2 6.6
545 1 27.2 -92.08 4.92 9.7
546 1 33.5 -90.07 2.28 11
547 2 31.4 -92.56 1.43 6.7
548 2 25 -81.99 -3.71 5.8
549 2 30.4 -89.18 9.49 6.5
550 1 22.4 -89.01 7.59 8.6
551 1 30.9 -90.4 8.57 10.5
552 1 30 -95.29 6.55 10.3
553 1 21.8 -100 6.14 8.5
554 1 25.7 -108.19 5.5 9.4
555 1 27.3 -102.14 12.45 9.7
556 1 13.8 -99.31 10.52 6.4
557 1 12.8 -97.91 10.18 6.1
558 1 19 -100.94 15.94 7.8
559 1 29.2 -96.62 14.29 10.1
560 2 26.8 -95.82 13.61 6
561 2 29.4 -86.23 16.36 6.4
562 2 22.2 -84.71 15.35 5.3
563 2 29.2 -86.45 12.07 6.4
564 2 19.3 -81.67 11.63 4.9
565 2 29 -79.04 12.14 6.3
566 2 22.3 -77.61 10.79 5.3
567 2 30.8 -73.04 10.76 6.6
568 2 17 -75.81 14.12 4.5
569 1 28.9 -78.55 16.96 10.1
570 1 38.5 -81.98 21.79 12
571 1 24.5 -75.42 23.39 9.1
572 1 27.4 -68.72 23.01 9.7
573 2 30.4 -73.28 21.02 6.5
574 1 35.5 -72.94 16.38 11.4
575 2 24.2 -71.67 13.69 5.6
576 2 27.8 -70.7 9.19 6.2
577 2 17.2 -71 5.11 4.5
578 1 33.1 -68.81 2.31 10.9
579 1 11.6 -69.4 0.26 5.8
580 1 14.3 -69.65 -1.62 6.6
581 1 18.2 -71.47 0.82 7.6
582 2 30.2 -67.13 6.05 6.5
583 2 29.4 -68.02 10.32 6.4
584 2 22.6 -67.92 13.27 5.4
585 1 34.4 -67.72 17.52 11.2
586 1 18.1 -65.21 19.49 7.6
587 1 26.4 -66.73 25.55 9.5
588 1 22.6 -64.03 27.31 8.7
589 1 22.9 -61.22 27.32 8.7
590 1 18.8 -61.52 24.78 7.7
591 1 25.7 -63.16 22.8 9.4
592 1 15.2 -61.2 19.01 6.8
593 3 41.1 -59.17 19.54 8.6
594 3 29.9 -57.46 22.39 7
595 1 26.3 -56.18 26.65 9.5
596 1 11.7 -58.72 23.71 5.8
597 1 17.5 -51.02 27.03 7.4
598 1 10.3 -53.55 25.59 5.4
599 3 37 -52.19 20.84 8
600 1 18.2 -47.18 24.23 7.6
601 1 23.7 -48.19 29.04 8.9
602 1 18.7 -44.55 27.03 7.7
603 3 31.6 -37.6 23.86 7.3
604 1 20 -50.9 9.32 8
605 1 28.7 -57.59 10.73 10
606 1 27.8 -57.91 12.69 9.8
607 1 10.4 -63.25 17.53 5.4
608 1 26.9 -63.29 13.86 9.6
609 2 12.1 -65.72 12.85 3.6
610 1 12.4 -61.41 10.84 6
611 1 25.6 -60.93 5.68 9.3
612 2 22.2 -57.5 2.18 5.3
613 3 31.8 -55.04 -0.57 7.3
614 3 34 -55.93 -5.06 7.6
615 1 22 -57.71 0.48 8.5
616 1 14.8 -60.18 0.64 6.7
617 1 12.3 -57.8 -2.02 6
618 1 12.9 -58.02 -3.5 6.2
619 3 27.2 -60.07 -3.42 6.6
620 1 12.8 -59.66 -4.85 6.1
621 1 29.3 -58.86 -7.52 10.1
622 3 41 -63.48 -0.98 8.6
623 1 17.4 -67.14 -0.98 7.4
624 1 22.1 -64.55 1.81 8.5
625 1 25.1 -63.68 4.04 9.2
626 1 18 -63.24 -2.49 7.5
627 1 19.4 -95.94 -0.18 7.9
628 1 33.1 -77.42 -32.99 10.9
629 2 14.4 -74.85 -31.91 4
630 2 20.9 -82.75 -29.35 5.1
631 1 22.7 -90.52 -33.36 8.7
632 2 30.4 -95.92 -26.88 6.5
633 1 19.1 -99.28 -20.59 7.8
634 1 25.7 -104.31 -14.04 9.4
635 2 29.6 -95.4 -6.95 6.4
636 2 28.5 -99.09 -7.43 6.3
637 2 15.7 -92.12 -5.67 4.3
638 2 27.5 -89.35 -6.37 6.1
639 1 21.8 -105.54 1.48 8.5
640 1 33.3 -104.84 3.1 11
641 1 28.3 -100.43 2.11 9.9
642 1 25.7 -107.74 8.93 9.4
643 1 27.5 -103.14 6.93 9.8
644 1 22.4 -98.92 13.95 8.6
645 1 20.3 -97.02 10.27 8.1
646 1 16.3 -88.19 5.87 7.1
647 2 25.8 -79.69 7.19 5.9
648 2 31.2 -81.39 18.84 6.6
649 2 24.5 -80.43 15.73 5.7
650 1 31.3 -75.86 18.38 10.6
651 1 13.6 -86.63 -15.04 6.4
652 1 11 -88.9 -13.49 5.6
653 2 20.4 -78.57 -6.02 5
654 1 29.9 -82.24 -12.01 10.3
655 1 12.9 -75.67 -8.96 6.2
656 1 14 -72.35 -6.06 6.5
657 1 13.3 -62.14 -22.56 6.3
658 1 21.7 -62.84 -20.57 8.5
659 1 29.6 -63.94 -15.99 10.2
660 1 16.9 -63.1 -16.91 7.3
661 2 23.8 -57.75 -24.71 5.6
662 2 25.6 -60.86 -26.14 5.8
663 1 18.3 -49.41 -42.71 7.6
664 1 28.2 -46.99 -37.15 9.9
665 1 13.1 -45.69 -34.31 6.2
666 1 19.4 -38.72 -37.14 7.9
667 1 14.3 -38 -34.65 6.6
668 2 23.9 -22.19 -41.15 5.6
669 1 15.7 -9.66 -43.89 6.9
670 1 30.7 -7.19 -51.21 10.4
671 1 34.7 2.22 -61.56 11.2
672 1 12.4 -14.76 -24.14 6
673 1 14.1 -22.13 -11.81 6.5
674 1 13.5 -19.91 -11.71 6.3
675 1 12 -20.52 -12.92 5.9
676 1 17.8 -18.06 -11.1 7.5
677 2 12.3 -17.31 -10.31 3.6
678 3 33.2 -50.53 7.63 7.5
679 1 19.7 -52.49 11.15 8
680 1 16.5 -60.89 13.55 7.2
681 1 19.7 -60.21 18.45 8
682 1 23.1 -57.88 17.42 8.8
683 1 16.5 -43.06 23.1 7.2
684 3 40.2 -44.35 21 8.5
685 3 39.9 -36.6 18.13 8.4
686 3 36.7 -20.41 19.22 8
687 3 35.5 -24.04 18.57 7.8
688 3 30.4 -10.92 19.82 7.1
689 1 14.5 -9.7 22.95 6.6
690 1 26 0.45 15.81 9.4
691 1 17.4 3.69 12.91 7.4
692 2 17.2 9.82 11.6 4.5
693 2 28.3 19.06 17.19 6.2
694 1 36.9 15.86 19.77 11.7
695 2 12 17.31 11.41 3.6
696 2 16.8 23.32 13.45 4.5
697 2 20.7 21.53 10.96 5.1
698 2 33.4 26.73 17.57 6.9
699 3 32.5 7.11 26.14 7.4
700 3 33.5 0.99 24.05 7.5
701 3 31.3 2 26.54 7.2
702 3 31.3 1.44 28.98 7.2
